YEAR	country	dim	from	to	TB	0	1	2	3	4	5	6	7	8	9	10	11	12	13	14	15	16	17	18	19	20	21	22	23	24	25	26	27	28	29	30	31	32	33	34	35	36	37	38	39	40	41	42	43	44	45	46	47	48	49	50	51	52	53	54	55	56	57	58	59	60	61	62	63	64	65	66	67	68	69	70	71	72	73	74	75	76	77	78	79	80	90
1974	INDu	RISK	moderate	normal	NA	0	0	0	0	0	0	0	0	0	0	0	0	0	0	0	0	0	0	0	0	0	0	0	0	0	0	0	0	0	0	0	0	0	0	0	0	0	0	0	0	0	0	0	0	0	0	0	0	0	0	0	0	0	0	0	0	0	0	0	0	0	0	0	0	0	0	0	0	0	0	0	0	0	0	0	0	0	0	0	0	0	0
1975	INDu	RISK	moderate	normal	NA	0.772286774	0.772286774	0.772286774	0.772286774	0.772286774	0.673	0.673	0.673	0.673	0.673	0.673	0.673	0.673	0.673	0.673	0.673	0.673	0.673	0.673	0.673	0.583	0.583	0.583	0.583	0.583	0.583	0.583	0.583	0.583	0.583	0.583	0.583	0.583	0.583	0.583	0.583	0.583	0.583	0.583	0.583	0.583	0.583	0.583	0.583	0.583	0.583	0.583	0.583	0.583	0.583	0.583	0.583	0.583	0.583	0.583	0.583	0.583	0.583	0.583	0.583	0.583	0.583	0.583	0.583	0.583	0.583	0.583	0.583	0.583	0.583	0.583	0.583	0.583	0.583	0.583	0.583	0.583	0.583	0.583	0.583	0.583	0.583
1976	INDu	RISK	moderate	normal	NA	0.772286774	0.772286774	0.772286774	0.772286774	0.772286774	0.675	0.675	0.675	0.675	0.675	0.675	0.675	0.675	0.675	0.675	0.675	0.675	0.675	0.675	0.675	0.583	0.583	0.583	0.583	0.583	0.583	0.583	0.583	0.583	0.583	0.583	0.583	0.583	0.583	0.583	0.583	0.583	0.583	0.583	0.583	0.583	0.583	0.583	0.583	0.583	0.583	0.583	0.583	0.583	0.583	0.583	0.583	0.583	0.583	0.583	0.583	0.583	0.583	0.583	0.583	0.583	0.583	0.583	0.583	0.583	0.583	0.583	0.583	0.583	0.583	0.583	0.583	0.583	0.583	0.583	0.583	0.583	0.583	0.583	0.583	0.583	0.583
1977	INDu	RISK	moderate	normal	NA	0.772286774	0.772286774	0.772286774	0.772286774	0.772286774	0.676	0.676	0.676	0.676	0.676	0.676	0.676	0.676	0.676	0.676	0.676	0.676	0.676	0.676	0.676	0.584	0.584	0.584	0.584	0.584	0.584	0.584	0.584	0.584	0.584	0.584	0.584	0.584	0.584	0.584	0.584	0.584	0.584	0.584	0.584	0.584	0.584	0.584	0.584	0.584	0.584	0.584	0.584	0.584	0.584	0.584	0.584	0.584	0.584	0.584	0.584	0.584	0.584	0.584	0.584	0.584	0.584	0.584	0.584	0.584	0.584	0.584	0.584	0.584	0.584	0.584	0.584	0.584	0.584	0.584	0.584	0.584	0.584	0.584	0.584	0.584	0.584
1978	INDu	RISK	moderate	normal	NA	0.772286774	0.772286774	0.772286774	0.772286774	0.772286774	0.678	0.678	0.678	0.678	0.678	0.678	0.678	0.678	0.678	0.678	0.678	0.678	0.678	0.678	0.678	0.584	0.584	0.584	0.584	0.584	0.584	0.584	0.584	0.584	0.584	0.584	0.584	0.584	0.584	0.584	0.584	0.584	0.584	0.584	0.584	0.584	0.584	0.584	0.584	0.584	0.584	0.584	0.584	0.584	0.584	0.584	0.584	0.584	0.584	0.584	0.584	0.584	0.584	0.584	0.584	0.584	0.584	0.584	0.584	0.584	0.584	0.584	0.584	0.584	0.584	0.584	0.584	0.584	0.584	0.584	0.584	0.584	0.584	0.584	0.584	0.584	0.584
1979	INDu	RISK	moderate	normal	NA	0.772286774	0.772286774	0.772286774	0.772286774	0.772286774	0.68	0.68	0.68	0.68	0.68	0.68	0.68	0.68	0.68	0.68	0.68	0.68	0.68	0.68	0.68	0.585	0.585	0.585	0.585	0.585	0.585	0.585	0.585	0.585	0.585	0.585	0.585	0.585	0.585	0.585	0.585	0.585	0.585	0.585	0.585	0.585	0.585	0.585	0.585	0.585	0.585	0.585	0.585	0.585	0.585	0.585	0.585	0.585	0.585	0.585	0.585	0.585	0.585	0.585	0.585	0.585	0.585	0.585	0.585	0.585	0.585	0.585	0.585	0.585	0.585	0.585	0.585	0.585	0.585	0.585	0.585	0.585	0.585	0.585	0.585	0.585	0.585
1980	INDu	RISK	moderate	normal	NA	0.772286774	0.772286774	0.772286774	0.772286774	0.772286774	0.681	0.681	0.681	0.681	0.681	0.681	0.681	0.681	0.681	0.681	0.681	0.681	0.681	0.681	0.681	0.585	0.585	0.585	0.585	0.585	0.585	0.585	0.585	0.585	0.585	0.585	0.585	0.585	0.585	0.585	0.585	0.585	0.585	0.585	0.585	0.585	0.585	0.585	0.585	0.585	0.585	0.585	0.585	0.585	0.585	0.585	0.585	0.585	0.585	0.585	0.585	0.585	0.585	0.585	0.585	0.585	0.585	0.585	0.585	0.585	0.585	0.585	0.585	0.585	0.585	0.585	0.585	0.585	0.585	0.585	0.585	0.585	0.585	0.585	0.585	0.585	0.585
1981	INDu	RISK	moderate	normal	NA	0.772286774	0.772286774	0.772286774	0.772286774	0.772286774	0.683	0.683	0.683	0.683	0.683	0.683	0.683	0.683	0.683	0.683	0.683	0.683	0.683	0.683	0.683	0.585	0.585	0.585	0.585	0.585	0.585	0.585	0.585	0.585	0.585	0.585	0.585	0.585	0.585	0.585	0.585	0.585	0.585	0.585	0.585	0.585	0.585	0.585	0.585	0.585	0.585	0.585	0.585	0.585	0.585	0.585	0.585	0.585	0.585	0.585	0.585	0.585	0.585	0.585	0.585	0.585	0.585	0.585	0.585	0.585	0.585	0.585	0.585	0.585	0.585	0.585	0.585	0.585	0.585	0.585	0.585	0.585	0.585	0.585	0.585	0.585	0.585
1982	INDu	RISK	moderate	normal	NA	0.772286774	0.772286774	0.772286774	0.772286774	0.772286774	0.685	0.685	0.685	0.685	0.685	0.685	0.685	0.685	0.685	0.685	0.685	0.685	0.685	0.685	0.685	0.586	0.586	0.586	0.586	0.586	0.586	0.586	0.586	0.586	0.586	0.586	0.586	0.586	0.586	0.586	0.586	0.586	0.586	0.586	0.586	0.586	0.586	0.586	0.586	0.586	0.586	0.586	0.586	0.586	0.586	0.586	0.586	0.586	0.586	0.586	0.586	0.586	0.586	0.586	0.586	0.586	0.586	0.586	0.586	0.586	0.586	0.586	0.586	0.586	0.586	0.586	0.586	0.586	0.586	0.586	0.586	0.586	0.586	0.586	0.586	0.586	0.586
1983	INDu	RISK	moderate	normal	NA	0.772286774	0.772286774	0.772286774	0.772286774	0.772286774	0.686	0.686	0.686	0.686	0.686	0.686	0.686	0.686	0.686	0.686	0.686	0.686	0.686	0.686	0.686	0.586	0.586	0.586	0.586	0.586	0.586	0.586	0.586	0.586	0.586	0.586	0.586	0.586	0.586	0.586	0.586	0.586	0.586	0.586	0.586	0.586	0.586	0.586	0.586	0.586	0.586	0.586	0.586	0.586	0.586	0.586	0.586	0.586	0.586	0.586	0.586	0.586	0.586	0.586	0.586	0.586	0.586	0.586	0.586	0.586	0.586	0.586	0.586	0.586	0.586	0.586	0.586	0.586	0.586	0.586	0.586	0.586	0.586	0.586	0.586	0.586	0.586
1984	INDu	RISK	moderate	normal	NA	0.772286774	0.772286774	0.772286774	0.772286774	0.772286774	0.688	0.688	0.688	0.688	0.688	0.688	0.688	0.688	0.688	0.688	0.688	0.688	0.688	0.688	0.688	0.586	0.586	0.586	0.586	0.586	0.586	0.586	0.586	0.586	0.586	0.586	0.586	0.586	0.586	0.586	0.586	0.586	0.586	0.586	0.586	0.586	0.586	0.586	0.586	0.586	0.586	0.586	0.586	0.586	0.586	0.586	0.586	0.586	0.586	0.586	0.586	0.586	0.586	0.586	0.586	0.586	0.586	0.586	0.586	0.586	0.586	0.586	0.586	0.586	0.586	0.586	0.586	0.586	0.586	0.586	0.586	0.586	0.586	0.586	0.586	0.586	0.586
1985	INDu	RISK	moderate	normal	NA	0.772286774	0.772286774	0.772286774	0.772286774	0.772286774	0.689	0.689	0.689	0.689	0.689	0.689	0.689	0.689	0.689	0.689	0.689	0.689	0.689	0.689	0.689	0.587	0.587	0.587	0.587	0.587	0.587	0.587	0.587	0.587	0.587	0.587	0.587	0.587	0.587	0.587	0.587	0.587	0.587	0.587	0.587	0.587	0.587	0.587	0.587	0.587	0.587	0.587	0.587	0.587	0.587	0.587	0.587	0.587	0.587	0.587	0.587	0.587	0.587	0.587	0.587	0.587	0.587	0.587	0.587	0.587	0.587	0.587	0.587	0.587	0.587	0.587	0.587	0.587	0.587	0.587	0.587	0.587	0.587	0.587	0.587	0.587	0.587
1986	INDu	RISK	moderate	normal	NA	0.772286774	0.772286774	0.772286774	0.772286774	0.772286774	0.691	0.691	0.691	0.691	0.691	0.691	0.691	0.691	0.691	0.691	0.691	0.691	0.691	0.691	0.691	0.587	0.587	0.587	0.587	0.587	0.587	0.587	0.587	0.587	0.587	0.587	0.587	0.587	0.587	0.587	0.587	0.587	0.587	0.587	0.587	0.587	0.587	0.587	0.587	0.587	0.587	0.587	0.587	0.587	0.587	0.587	0.587	0.587	0.587	0.587	0.587	0.587	0.587	0.587	0.587	0.587	0.587	0.587	0.587	0.587	0.587	0.587	0.587	0.587	0.587	0.587	0.587	0.587	0.587	0.587	0.587	0.587	0.587	0.587	0.587	0.587	0.587
1987	INDu	RISK	moderate	normal	NA	0.772286774	0.772286774	0.772286774	0.772286774	0.772286774	0.691	0.691	0.691	0.691	0.691	0.691	0.691	0.691	0.691	0.691	0.691	0.691	0.691	0.691	0.691	0.587	0.587	0.587	0.587	0.587	0.587	0.587	0.587	0.587	0.587	0.587	0.587	0.587	0.587	0.587	0.587	0.587	0.587	0.587	0.587	0.587	0.587	0.587	0.587	0.587	0.587	0.587	0.587	0.587	0.587	0.587	0.587	0.587	0.587	0.587	0.587	0.587	0.587	0.587	0.587	0.587	0.587	0.587	0.587	0.587	0.587	0.587	0.587	0.587	0.587	0.587	0.587	0.587	0.587	0.587	0.587	0.587	0.587	0.587	0.587	0.587	0.587
1988	INDu	RISK	moderate	normal	NA	0.772286774	0.772286774	0.772286774	0.772286774	0.772286774	0.693	0.693	0.693	0.693	0.693	0.693	0.693	0.693	0.693	0.693	0.693	0.693	0.693	0.693	0.693	0.587	0.587	0.587	0.587	0.587	0.587	0.587	0.587	0.587	0.587	0.587	0.587	0.587	0.587	0.587	0.587	0.587	0.587	0.587	0.587	0.587	0.587	0.587	0.587	0.587	0.587	0.587	0.587	0.587	0.587	0.587	0.587	0.587	0.587	0.587	0.587	0.587	0.587	0.587	0.587	0.587	0.587	0.587	0.587	0.587	0.587	0.587	0.587	0.587	0.587	0.587	0.587	0.587	0.587	0.587	0.587	0.587	0.587	0.587	0.587	0.587	0.587
1989	INDu	RISK	moderate	normal	NA	0.772286774	0.772286774	0.772286774	0.772286774	0.772286774	0.693	0.693	0.693	0.693	0.693	0.693	0.693	0.693	0.693	0.693	0.693	0.693	0.693	0.693	0.693	0.587	0.587	0.587	0.587	0.587	0.587	0.587	0.587	0.587	0.587	0.587	0.587	0.587	0.587	0.587	0.587	0.587	0.587	0.587	0.587	0.587	0.587	0.587	0.587	0.587	0.587	0.587	0.587	0.587	0.587	0.587	0.587	0.587	0.587	0.587	0.587	0.587	0.587	0.587	0.587	0.587	0.587	0.587	0.587	0.587	0.587	0.587	0.587	0.587	0.587	0.587	0.587	0.587	0.587	0.587	0.587	0.587	0.587	0.587	0.587	0.587	0.587
1990	INDu	RISK	moderate	normal	NA	0.772286774	0.772286774	0.772286774	0.772286774	0.772286774	0.694	0.694	0.694	0.694	0.694	0.694	0.694	0.694	0.694	0.694	0.694	0.694	0.694	0.694	0.694	0.586	0.586	0.586	0.586	0.586	0.586	0.586	0.586	0.586	0.586	0.586	0.586	0.586	0.586	0.586	0.586	0.586	0.586	0.586	0.586	0.586	0.586	0.586	0.586	0.586	0.586	0.586	0.586	0.586	0.586	0.586	0.586	0.586	0.586	0.586	0.586	0.586	0.586	0.586	0.586	0.586	0.586	0.586	0.586	0.586	0.586	0.586	0.586	0.586	0.586	0.586	0.586	0.586	0.586	0.586	0.586	0.586	0.586	0.586	0.586	0.586	0.586
1991	INDu	RISK	moderate	normal	NA	0.772286774	0.772286774	0.772286774	0.772286774	0.772286774	0.696	0.696	0.696	0.696	0.696	0.696	0.696	0.696	0.696	0.696	0.696	0.696	0.696	0.696	0.696	0.587	0.587	0.587	0.587	0.587	0.587	0.587	0.587	0.587	0.587	0.587	0.587	0.587	0.587	0.587	0.587	0.587	0.587	0.587	0.587	0.587	0.587	0.587	0.587	0.587	0.587	0.587	0.587	0.587	0.587	0.587	0.587	0.587	0.587	0.587	0.587	0.587	0.587	0.587	0.587	0.587	0.587	0.587	0.587	0.587	0.587	0.587	0.587	0.587	0.587	0.587	0.587	0.587	0.587	0.587	0.587	0.587	0.587	0.587	0.587	0.587	0.587
1992	INDu	RISK	moderate	normal	NA	0.772286774	0.772286774	0.772286774	0.772286774	0.772286774	0.696	0.696	0.696	0.696	0.696	0.696	0.696	0.696	0.696	0.696	0.696	0.696	0.696	0.696	0.696	0.587	0.587	0.587	0.587	0.587	0.587	0.587	0.587	0.587	0.587	0.587	0.587	0.587	0.587	0.587	0.587	0.587	0.587	0.587	0.587	0.587	0.587	0.587	0.587	0.587	0.587	0.587	0.587	0.587	0.587	0.587	0.587	0.587	0.587	0.587	0.587	0.587	0.587	0.587	0.587	0.587	0.587	0.587	0.587	0.587	0.587	0.587	0.587	0.587	0.587	0.587	0.587	0.587	0.587	0.587	0.587	0.587	0.587	0.587	0.587	0.587	0.587
1993	INDu	RISK	moderate	normal	NA	0.776143387	0.776143387	0.776143387	0.776143387	0.776143387	0.697	0.697	0.697	0.697	0.697	0.697	0.697	0.697	0.697	0.697	0.697	0.697	0.697	0.697	0.697	0.587	0.587	0.587	0.587	0.587	0.587	0.587	0.587	0.587	0.587	0.587	0.587	0.587	0.587	0.587	0.587	0.587	0.587	0.587	0.587	0.587	0.587	0.587	0.587	0.587	0.587	0.587	0.587	0.587	0.587	0.587	0.587	0.587	0.587	0.587	0.587	0.587	0.587	0.587	0.587	0.587	0.587	0.587	0.587	0.587	0.587	0.587	0.587	0.587	0.587	0.587	0.587	0.587	0.587	0.587	0.587	0.587	0.587	0.587	0.587	0.587	0.587
1994	INDu	RISK	moderate	normal	NA	0.78	0.78	0.78	0.78	0.78	0.697	0.697	0.697	0.697	0.697	0.697	0.697	0.697	0.697	0.697	0.697	0.697	0.697	0.697	0.697	0.586	0.586	0.586	0.586	0.586	0.586	0.586	0.586	0.586	0.586	0.586	0.586	0.586	0.586	0.586	0.586	0.586	0.586	0.586	0.586	0.586	0.586	0.586	0.586	0.586	0.586	0.586	0.586	0.586	0.586	0.586	0.586	0.586	0.586	0.586	0.586	0.586	0.586	0.586	0.586	0.586	0.586	0.586	0.586	0.586	0.586	0.586	0.586	0.586	0.586	0.586	0.586	0.586	0.586	0.586	0.586	0.586	0.586	0.586	0.586	0.586	0.586
1995	INDu	RISK	moderate	normal	NA	0.754	0.754	0.754	0.754	0.754	0.698	0.698	0.698	0.698	0.698	0.698	0.698	0.698	0.698	0.698	0.698	0.698	0.698	0.698	0.698	0.585	0.585	0.585	0.585	0.585	0.585	0.585	0.585	0.585	0.585	0.585	0.585	0.585	0.585	0.585	0.585	0.585	0.585	0.585	0.585	0.585	0.585	0.585	0.585	0.585	0.585	0.585	0.585	0.585	0.585	0.585	0.585	0.585	0.585	0.585	0.585	0.585	0.585	0.585	0.585	0.585	0.585	0.585	0.585	0.585	0.585	0.585	0.585	0.585	0.585	0.585	0.585	0.585	0.585	0.585	0.585	0.585	0.585	0.585	0.585	0.585	0.585
1996	INDu	RISK	moderate	normal	NA	0.788	0.788	0.788	0.788	0.788	0.698	0.698	0.698	0.698	0.698	0.698	0.698	0.698	0.698	0.698	0.698	0.698	0.698	0.698	0.698	0.585	0.585	0.585	0.585	0.585	0.585	0.585	0.585	0.585	0.585	0.585	0.585	0.585	0.585	0.585	0.585	0.585	0.585	0.585	0.585	0.585	0.585	0.585	0.585	0.585	0.585	0.585	0.585	0.585	0.585	0.585	0.585	0.585	0.585	0.585	0.585	0.585	0.585	0.585	0.585	0.585	0.585	0.585	0.585	0.585	0.585	0.585	0.585	0.585	0.585	0.585	0.585	0.585	0.585	0.585	0.585	0.585	0.585	0.585	0.585	0.585	0.585
1997	INDu	RISK	moderate	normal	NA	0.788	0.788	0.788	0.788	0.788	0.698	0.698	0.698	0.698	0.698	0.698	0.698	0.698	0.698	0.698	0.698	0.698	0.698	0.698	0.698	0.585	0.585	0.585	0.585	0.585	0.585	0.585	0.585	0.585	0.585	0.585	0.585	0.585	0.585	0.585	0.585	0.585	0.585	0.585	0.585	0.585	0.585	0.585	0.585	0.585	0.585	0.585	0.585	0.585	0.585	0.585	0.585	0.585	0.585	0.585	0.585	0.585	0.585	0.585	0.585	0.585	0.585	0.585	0.585	0.585	0.585	0.585	0.585	0.585	0.585	0.585	0.585	0.585	0.585	0.585	0.585	0.585	0.585	0.585	0.585	0.585	0.585
1998	INDu	RISK	moderate	normal	NA	0.792	0.792	0.792	0.792	0.792	0.699	0.699	0.699	0.699	0.699	0.699	0.699	0.699	0.699	0.699	0.699	0.699	0.699	0.699	0.699	0.585	0.585	0.585	0.585	0.585	0.585	0.585	0.585	0.585	0.585	0.585	0.585	0.585	0.585	0.585	0.585	0.585	0.585	0.585	0.585	0.585	0.585	0.585	0.585	0.585	0.585	0.585	0.585	0.585	0.585	0.585	0.585	0.585	0.585	0.585	0.585	0.585	0.585	0.585	0.585	0.585	0.585	0.585	0.585	0.585	0.585	0.585	0.585	0.585	0.585	0.585	0.585	0.585	0.585	0.585	0.585	0.585	0.585	0.585	0.585	0.585	0.585
1999	INDu	RISK	moderate	normal	NA	0.796	0.796	0.796	0.796	0.796	0.698	0.698	0.698	0.698	0.698	0.698	0.698	0.698	0.698	0.698	0.698	0.698	0.698	0.698	0.698	0.584	0.584	0.584	0.584	0.584	0.584	0.584	0.584	0.584	0.584	0.584	0.584	0.584	0.584	0.584	0.584	0.584	0.584	0.584	0.584	0.584	0.584	0.584	0.584	0.584	0.584	0.584	0.584	0.584	0.584	0.584	0.584	0.584	0.584	0.584	0.584	0.584	0.584	0.584	0.584	0.584	0.584	0.584	0.584	0.584	0.584	0.584	0.584	0.584	0.584	0.584	0.584	0.584	0.584	0.584	0.584	0.584	0.584	0.584	0.584	0.584	0.584
2000	INDu	RISK	moderate	normal	NA	0.792571429	0.792571429	0.792571429	0.792571429	0.792571429	0.699	0.699	0.699	0.699	0.699	0.699	0.699	0.699	0.699	0.699	0.699	0.699	0.699	0.699	0.699	0.584	0.584	0.584	0.584	0.584	0.584	0.584	0.584	0.584	0.584	0.584	0.584	0.584	0.584	0.584	0.584	0.584	0.584	0.584	0.584	0.584	0.584	0.584	0.584	0.584	0.584	0.584	0.584	0.584	0.584	0.584	0.584	0.584	0.584	0.584	0.584	0.584	0.584	0.584	0.584	0.584	0.584	0.584	0.584	0.584	0.584	0.584	0.584	0.584	0.584	0.584	0.584	0.584	0.584	0.584	0.584	0.584	0.584	0.584	0.584	0.584	0.584
2001	INDu	RISK	moderate	normal	NA	0.789142857	0.789142857	0.789142857	0.789142857	0.789142857	0.698	0.698	0.698	0.698	0.698	0.698	0.698	0.698	0.698	0.698	0.698	0.698	0.698	0.698	0.698	0.584	0.584	0.584	0.584	0.584	0.584	0.584	0.584	0.584	0.584	0.584	0.584	0.584	0.584	0.584	0.584	0.584	0.584	0.584	0.584	0.584	0.584	0.584	0.584	0.584	0.584	0.584	0.584	0.584	0.584	0.584	0.584	0.584	0.584	0.584	0.584	0.584	0.584	0.584	0.584	0.584	0.584	0.584	0.584	0.584	0.584	0.584	0.584	0.584	0.584	0.584	0.584	0.584	0.584	0.584	0.584	0.584	0.584	0.584	0.584	0.584	0.584
2002	INDu	RISK	moderate	normal	NA	0.785714286	0.785714286	0.785714286	0.785714286	0.785714286	0.697	0.697	0.697	0.697	0.697	0.697	0.697	0.697	0.697	0.697	0.697	0.697	0.697	0.697	0.697	0.583	0.583	0.583	0.583	0.583	0.583	0.583	0.583	0.583	0.583	0.583	0.583	0.583	0.583	0.583	0.583	0.583	0.583	0.583	0.583	0.583	0.583	0.583	0.583	0.583	0.583	0.583	0.583	0.583	0.583	0.583	0.583	0.583	0.583	0.583	0.583	0.583	0.583	0.583	0.583	0.583	0.583	0.583	0.583	0.583	0.583	0.583	0.583	0.583	0.583	0.583	0.583	0.583	0.583	0.583	0.583	0.583	0.583	0.583	0.583	0.583	0.583
2003	INDu	RISK	moderate	normal	NA	0.782285714	0.782285714	0.782285714	0.782285714	0.782285714	0.697	0.697	0.697	0.697	0.697	0.697	0.697	0.697	0.697	0.697	0.697	0.697	0.697	0.697	0.697	0.583	0.583	0.583	0.583	0.583	0.583	0.583	0.583	0.583	0.583	0.583	0.583	0.583	0.583	0.583	0.583	0.583	0.583	0.583	0.583	0.583	0.583	0.583	0.583	0.583	0.583	0.583	0.583	0.583	0.583	0.583	0.583	0.583	0.583	0.583	0.583	0.583	0.583	0.583	0.583	0.583	0.583	0.583	0.583	0.583	0.583	0.583	0.583	0.583	0.583	0.583	0.583	0.583	0.583	0.583	0.583	0.583	0.583	0.583	0.583	0.583	0.583
2004	INDu	RISK	moderate	normal	NA	0.778857143	0.778857143	0.778857143	0.778857143	0.778857143	0.695	0.695	0.695	0.695	0.695	0.695	0.695	0.695	0.695	0.695	0.695	0.695	0.695	0.695	0.695	0.581	0.581	0.581	0.581	0.581	0.581	0.581	0.581	0.581	0.581	0.581	0.581	0.581	0.581	0.581	0.581	0.581	0.581	0.581	0.581	0.581	0.581	0.581	0.581	0.581	0.581	0.581	0.581	0.581	0.581	0.581	0.581	0.581	0.581	0.581	0.581	0.581	0.581	0.581	0.581	0.581	0.581	0.581	0.581	0.581	0.581	0.581	0.581	0.581	0.581	0.581	0.581	0.581	0.581	0.581	0.581	0.581	0.581	0.581	0.581	0.581	0.581
2005	INDu	RISK	moderate	normal	NA	0.775428571	0.775428571	0.775428571	0.775428571	0.775428571	0.694	0.694	0.694	0.694	0.694	0.694	0.694	0.694	0.694	0.694	0.694	0.694	0.694	0.694	0.694	0.581	0.581	0.581	0.581	0.581	0.581	0.581	0.581	0.581	0.581	0.581	0.581	0.581	0.581	0.581	0.581	0.581	0.581	0.581	0.581	0.581	0.581	0.581	0.581	0.581	0.581	0.581	0.581	0.581	0.581	0.581	0.581	0.581	0.581	0.581	0.581	0.581	0.581	0.581	0.581	0.581	0.581	0.581	0.581	0.581	0.581	0.581	0.581	0.581	0.581	0.581	0.581	0.581	0.581	0.581	0.581	0.581	0.581	0.581	0.581	0.581	0.581
2006	INDu	RISK	moderate	normal	NA	0.772	0.772	0.772	0.772	0.772	0.693	0.693	0.693	0.693	0.693	0.693	0.693	0.693	0.693	0.693	0.693	0.693	0.693	0.693	0.693	0.581	0.581	0.581	0.581	0.581	0.581	0.581	0.581	0.581	0.581	0.581	0.581	0.581	0.581	0.581	0.581	0.581	0.581	0.581	0.581	0.581	0.581	0.581	0.581	0.581	0.581	0.581	0.581	0.581	0.581	0.581	0.581	0.581	0.581	0.581	0.581	0.581	0.581	0.581	0.581	0.581	0.581	0.581	0.581	0.581	0.581	0.581	0.581	0.581	0.581	0.581	0.581	0.581	0.581	0.581	0.581	0.581	0.581	0.581	0.581	0.581	0.581
2007	INDu	RISK	moderate	normal	NA	0.779	0.779	0.779	0.779	0.779	0.691	0.691	0.691	0.691	0.691	0.691	0.691	0.691	0.691	0.691	0.691	0.691	0.691	0.691	0.691	0.579	0.579	0.579	0.579	0.579	0.579	0.579	0.579	0.579	0.579	0.579	0.579	0.579	0.579	0.579	0.579	0.579	0.579	0.579	0.579	0.579	0.579	0.579	0.579	0.579	0.579	0.579	0.579	0.579	0.579	0.579	0.579	0.579	0.579	0.579	0.579	0.579	0.579	0.579	0.579	0.579	0.579	0.579	0.579	0.579	0.579	0.579	0.579	0.579	0.579	0.579	0.579	0.579	0.579	0.579	0.579	0.579	0.579	0.579	0.579	0.579	0.579
2008	INDu	RISK	moderate	normal	NA	0.786	0.786	0.786	0.786	0.786	0.688	0.688	0.688	0.688	0.688	0.688	0.688	0.688	0.688	0.688	0.688	0.688	0.688	0.688	0.688	0.578	0.578	0.578	0.578	0.578	0.578	0.578	0.578	0.578	0.578	0.578	0.578	0.578	0.578	0.578	0.578	0.578	0.578	0.578	0.578	0.578	0.578	0.578	0.578	0.578	0.578	0.578	0.578	0.578	0.578	0.578	0.578	0.578	0.578	0.578	0.578	0.578	0.578	0.578	0.578	0.578	0.578	0.578	0.578	0.578	0.578	0.578	0.578	0.578	0.578	0.578	0.578	0.578	0.578	0.578	0.578	0.578	0.578	0.578	0.578	0.578	0.578
2009	INDu	RISK	moderate	normal	NA	0.793	0.793	0.793	0.793	0.793	0.686	0.686	0.686	0.686	0.686	0.686	0.686	0.686	0.686	0.686	0.686	0.686	0.686	0.686	0.686	0.578	0.578	0.578	0.578	0.578	0.578	0.578	0.578	0.578	0.578	0.578	0.578	0.578	0.578	0.578	0.578	0.578	0.578	0.578	0.578	0.578	0.578	0.578	0.578	0.578	0.578	0.578	0.578	0.578	0.578	0.578	0.578	0.578	0.578	0.578	0.578	0.578	0.578	0.578	0.578	0.578	0.578	0.578	0.578	0.578	0.578	0.578	0.578	0.578	0.578	0.578	0.578	0.578	0.578	0.578	0.578	0.578	0.578	0.578	0.578	0.578	0.578
2010	INDu	RISK	moderate	normal	NA	0.8	0.8	0.8	0.8	0.8	0.683	0.683	0.683	0.683	0.683	0.683	0.683	0.683	0.683	0.683	0.683	0.683	0.683	0.683	0.683	0.576	0.576	0.576	0.576	0.576	0.576	0.576	0.576	0.576	0.576	0.576	0.576	0.576	0.576	0.576	0.576	0.576	0.576	0.576	0.576	0.576	0.576	0.576	0.576	0.576	0.576	0.576	0.576	0.576	0.576	0.576	0.576	0.576	0.576	0.576	0.576	0.576	0.576	0.576	0.576	0.576	0.576	0.576	0.576	0.576	0.576	0.576	0.576	0.576	0.576	0.576	0.576	0.576	0.576	0.576	0.576	0.576	0.576	0.576	0.576	0.576	0.576
2011	INDu	RISK	moderate	normal	NA	0.807	0.807	0.807	0.807	0.807	0.681	0.681	0.681	0.681	0.681	0.681	0.681	0.681	0.681	0.681	0.681	0.681	0.681	0.681	0.681	0.575	0.575	0.575	0.575	0.575	0.575	0.575	0.575	0.575	0.575	0.575	0.575	0.575	0.575	0.575	0.575	0.575	0.575	0.575	0.575	0.575	0.575	0.575	0.575	0.575	0.575	0.575	0.575	0.575	0.575	0.575	0.575	0.575	0.575	0.575	0.575	0.575	0.575	0.575	0.575	0.575	0.575	0.575	0.575	0.575	0.575	0.575	0.575	0.575	0.575	0.575	0.575	0.575	0.575	0.575	0.575	0.575	0.575	0.575	0.575	0.575	0.575
2012	INDu	RISK	moderate	normal	NA	0.814	0.814	0.814	0.814	0.814	0.677	0.677	0.677	0.677	0.677	0.677	0.677	0.677	0.677	0.677	0.677	0.677	0.677	0.677	0.677	0.574	0.574	0.574	0.574	0.574	0.574	0.574	0.574	0.574	0.574	0.574	0.574	0.574	0.574	0.574	0.574	0.574	0.574	0.574	0.574	0.574	0.574	0.574	0.574	0.574	0.574	0.574	0.574	0.574	0.574	0.574	0.574	0.574	0.574	0.574	0.574	0.574	0.574	0.574	0.574	0.574	0.574	0.574	0.574	0.574	0.574	0.574	0.574	0.574	0.574	0.574	0.574	0.574	0.574	0.574	0.574	0.574	0.574	0.574	0.574	0.574	0.574
2013	INDu	RISK	moderate	normal	NA	0.821	0.821	0.821	0.821	0.821	0.674	0.674	0.674	0.674	0.674	0.674	0.674	0.674	0.674	0.674	0.674	0.674	0.674	0.674	0.674	0.573	0.573	0.573	0.573	0.573	0.573	0.573	0.573	0.573	0.573	0.573	0.573	0.573	0.573	0.573	0.573	0.573	0.573	0.573	0.573	0.573	0.573	0.573	0.573	0.573	0.573	0.573	0.573	0.573	0.573	0.573	0.573	0.573	0.573	0.573	0.573	0.573	0.573	0.573	0.573	0.573	0.573	0.573	0.573	0.573	0.573	0.573	0.573	0.573	0.573	0.573	0.573	0.573	0.573	0.573	0.573	0.573	0.573	0.573	0.573	0.573	0.573
2014	INDu	RISK	moderate	normal	NA	0.828	0.828	0.828	0.828	0.828	0.67	0.67	0.67	0.67	0.67	0.67	0.67	0.67	0.67	0.67	0.67	0.67	0.67	0.67	0.67	0.571	0.571	0.571	0.571	0.571	0.571	0.571	0.571	0.571	0.571	0.571	0.571	0.571	0.571	0.571	0.571	0.571	0.571	0.571	0.571	0.571	0.571	0.571	0.571	0.571	0.571	0.571	0.571	0.571	0.571	0.571	0.571	0.571	0.571	0.571	0.571	0.571	0.571	0.571	0.571	0.571	0.571	0.571	0.571	0.571	0.571	0.571	0.571	0.571	0.571	0.571	0.571	0.571	0.571	0.571	0.571	0.571	0.571	0.571	0.571	0.571	0.571
2015	INDu	RISK	moderate	normal	NA	0.771	0.771	0.771	0.771	0.771	0.667	0.667	0.667	0.667	0.667	0.667	0.667	0.667	0.667	0.667	0.667	0.667	0.667	0.667	0.667	0.569	0.569	0.569	0.569	0.569	0.569	0.569	0.569	0.569	0.569	0.569	0.569	0.569	0.569	0.569	0.569	0.569	0.569	0.569	0.569	0.569	0.569	0.569	0.569	0.569	0.569	0.569	0.569	0.569	0.569	0.569	0.569	0.569	0.569	0.569	0.569	0.569	0.569	0.569	0.569	0.569	0.569	0.569	0.569	0.569	0.569	0.569	0.569	0.569	0.569	0.569	0.569	0.569	0.569	0.569	0.569	0.569	0.569	0.569	0.569	0.569	0.569
2016	INDu	RISK	moderate	normal	NA	0.789	0.789	0.789	0.789	0.789	0.663	0.663	0.663	0.663	0.663	0.663	0.663	0.663	0.663	0.663	0.663	0.663	0.663	0.663	0.663	0.567	0.567	0.567	0.567	0.567	0.567	0.567	0.567	0.567	0.567	0.567	0.567	0.567	0.567	0.567	0.567	0.567	0.567	0.567	0.567	0.567	0.567	0.567	0.567	0.567	0.567	0.567	0.567	0.567	0.567	0.567	0.567	0.567	0.567	0.567	0.567	0.567	0.567	0.567	0.567	0.567	0.567	0.567	0.567	0.567	0.567	0.567	0.567	0.567	0.567	0.567	0.567	0.567	0.567	0.567	0.567	0.567	0.567	0.567	0.567	0.567	0.567
2017	INDu	RISK	moderate	normal	NA	0.807	0.807	0.807	0.807	0.807	0.667	0.667	0.667	0.667	0.667	0.667	0.667	0.667	0.667	0.667	0.667	0.667	0.667	0.667	0.667	0.579	0.579	0.579	0.579	0.579	0.579	0.579	0.579	0.579	0.579	0.579	0.579	0.579	0.579	0.579	0.579	0.579	0.579	0.579	0.579	0.579	0.579	0.579	0.579	0.579	0.579	0.579	0.579	0.579	0.579	0.579	0.579	0.579	0.579	0.579	0.579	0.579	0.579	0.579	0.579	0.579	0.579	0.579	0.579	0.579	0.579	0.579	0.579	0.579	0.579	0.579	0.579	0.579	0.579	0.579	0.579	0.579	0.579	0.579	0.579	0.579	0.579
2018	INDu	RISK	moderate	normal	NA	0.81	0.81	0.81	0.81	0.81	0.671	0.671	0.671	0.671	0.671	0.671	0.671	0.671	0.671	0.671	0.671	0.671	0.671	0.671	0.671	0.579	0.579	0.579	0.579	0.579	0.579	0.579	0.579	0.579	0.579	0.579	0.579	0.579	0.579	0.579	0.579	0.579	0.579	0.579	0.579	0.579	0.579	0.579	0.579	0.579	0.579	0.579	0.579	0.579	0.579	0.579	0.579	0.579	0.579	0.579	0.579	0.579	0.579	0.579	0.579	0.579	0.579	0.579	0.579	0.579	0.579	0.579	0.579	0.579	0.579	0.579	0.579	0.579	0.579	0.579	0.579	0.579	0.579	0.579	0.579	0.579	0.579
2019	INDu	RISK	moderate	normal	NA	0.813	0.813	0.813	0.813	0.813	0.674	0.674	0.674	0.674	0.674	0.674	0.674	0.674	0.674	0.674	0.674	0.674	0.674	0.674	0.674	0.58	0.58	0.58	0.58	0.58	0.58	0.58	0.58	0.58	0.58	0.58	0.58	0.58	0.58	0.58	0.58	0.58	0.58	0.58	0.58	0.58	0.58	0.58	0.58	0.58	0.58	0.58	0.58	0.58	0.58	0.58	0.58	0.58	0.58	0.58	0.58	0.58	0.58	0.58	0.58	0.58	0.58	0.58	0.58	0.58	0.58	0.58	0.58	0.58	0.58	0.58	0.58	0.58	0.58	0.58	0.58	0.58	0.58	0.58	0.58	0.58	0.58
2020	INDu	RISK	moderate	normal	NA	0.815	0.815	0.815	0.815	0.815	0.675	0.675	0.675	0.675	0.675	0.675	0.675	0.675	0.675	0.675	0.675	0.675	0.675	0.675	0.675	0.58	0.58	0.58	0.58	0.58	0.58	0.58	0.58	0.58	0.58	0.58	0.58	0.58	0.58	0.58	0.58	0.58	0.58	0.58	0.58	0.58	0.58	0.58	0.58	0.58	0.58	0.58	0.58	0.58	0.58	0.58	0.58	0.58	0.58	0.58	0.58	0.58	0.58	0.58	0.58	0.58	0.58	0.58	0.58	0.58	0.58	0.58	0.58	0.58	0.58	0.58	0.58	0.58	0.58	0.58	0.58	0.58	0.58	0.58	0.58	0.58	0.58
2021	INDu	RISK	moderate	normal	NA	0.818	0.818	0.818	0.818	0.818	0.679	0.679	0.679	0.679	0.679	0.679	0.679	0.679	0.679	0.679	0.679	0.679	0.679	0.679	0.679	0.58	0.58	0.58	0.58	0.58	0.58	0.58	0.58	0.58	0.58	0.58	0.58	0.58	0.58	0.58	0.58	0.58	0.58	0.58	0.58	0.58	0.58	0.58	0.58	0.58	0.58	0.58	0.58	0.58	0.58	0.58	0.58	0.58	0.58	0.58	0.58	0.58	0.58	0.58	0.58	0.58	0.58	0.58	0.58	0.58	0.58	0.58	0.58	0.58	0.58	0.58	0.58	0.58	0.58	0.58	0.58	0.58	0.58	0.58	0.58	0.58	0.58
2022	INDu	RISK	moderate	normal	NA	0.824	0.824	0.824	0.824	0.824	0.685	0.685	0.685	0.685	0.685	0.685	0.685	0.685	0.685	0.685	0.685	0.685	0.685	0.685	0.685	0.579	0.579	0.579	0.579	0.579	0.579	0.579	0.579	0.579	0.579	0.579	0.579	0.579	0.579	0.579	0.579	0.579	0.579	0.579	0.579	0.579	0.579	0.579	0.579	0.579	0.579	0.579	0.579	0.579	0.579	0.579	0.579	0.579	0.579	0.579	0.579	0.579	0.579	0.579	0.579	0.579	0.579	0.579	0.579	0.579	0.579	0.579	0.579	0.579	0.579	0.579	0.579	0.579	0.579	0.579	0.579	0.579	0.579	0.579	0.579	0.579	0.579
2023	INDu	RISK	moderate	normal	NA	0.825	0.825	0.825	0.825	0.825	0.686	0.686	0.686	0.686	0.686	0.686	0.686	0.686	0.686	0.686	0.686	0.686	0.686	0.686	0.686	0.579	0.579	0.579	0.579	0.579	0.579	0.579	0.579	0.579	0.579	0.579	0.579	0.579	0.579	0.579	0.579	0.579	0.579	0.579	0.579	0.579	0.579	0.579	0.579	0.579	0.579	0.579	0.579	0.579	0.579	0.579	0.579	0.579	0.579	0.579	0.579	0.579	0.579	0.579	0.579	0.579	0.579	0.579	0.579	0.579	0.579	0.579	0.579	0.579	0.579	0.579	0.579	0.579	0.579	0.579	0.579	0.579	0.579	0.579	0.579	0.579	0.579
2024	INDu	RISK	moderate	normal	NA	0.828	0.828	0.828	0.828	0.828	0.688	0.688	0.688	0.688	0.688	0.688	0.688	0.688	0.688	0.688	0.688	0.688	0.688	0.688	0.688	0.578	0.578	0.578	0.578	0.578	0.578	0.578	0.578	0.578	0.578	0.578	0.578	0.578	0.578	0.578	0.578	0.578	0.578	0.578	0.578	0.578	0.578	0.578	0.578	0.578	0.578	0.578	0.578	0.578	0.578	0.578	0.578	0.578	0.578	0.578	0.578	0.578	0.578	0.578	0.578	0.578	0.578	0.578	0.578	0.578	0.578	0.578	0.578	0.578	0.578	0.578	0.578	0.578	0.578	0.578	0.578	0.578	0.578	0.578	0.578	0.578	0.578
2025	INDu	RISK	moderate	normal	NA	0.829	0.829	0.829	0.829	0.829	0.689	0.689	0.689	0.689	0.689	0.689	0.689	0.689	0.689	0.689	0.689	0.689	0.689	0.689	0.689	0.578	0.578	0.578	0.578	0.578	0.578	0.578	0.578	0.578	0.578	0.578	0.578	0.578	0.578	0.578	0.578	0.578	0.578	0.578	0.578	0.578	0.578	0.578	0.578	0.578	0.578	0.578	0.578	0.578	0.578	0.578	0.578	0.578	0.578	0.578	0.578	0.578	0.578	0.578	0.578	0.578	0.578	0.578	0.578	0.578	0.578	0.578	0.578	0.578	0.578	0.578	0.578	0.578	0.578	0.578	0.578	0.578	0.578	0.578	0.578	0.578	0.578
2026	INDu	RISK	moderate	normal	NA	0.832	0.832	0.832	0.832	0.832	0.692	0.692	0.692	0.692	0.692	0.692	0.692	0.692	0.692	0.692	0.692	0.692	0.692	0.692	0.692	0.577	0.577	0.577	0.577	0.577	0.577	0.577	0.577	0.577	0.577	0.577	0.577	0.577	0.577	0.577	0.577	0.577	0.577	0.577	0.577	0.577	0.577	0.577	0.577	0.577	0.577	0.577	0.577	0.577	0.577	0.577	0.577	0.577	0.577	0.577	0.577	0.577	0.577	0.577	0.577	0.577	0.577	0.577	0.577	0.577	0.577	0.577	0.577	0.577	0.577	0.577	0.577	0.577	0.577	0.577	0.577	0.577	0.577	0.577	0.577	0.577	0.577
2027	INDu	RISK	moderate	normal	NA	0.834	0.834	0.834	0.834	0.834	0.694	0.694	0.694	0.694	0.694	0.694	0.694	0.694	0.694	0.694	0.694	0.694	0.694	0.694	0.694	0.576	0.576	0.576	0.576	0.576	0.576	0.576	0.576	0.576	0.576	0.576	0.576	0.576	0.576	0.576	0.576	0.576	0.576	0.576	0.576	0.576	0.576	0.576	0.576	0.576	0.576	0.576	0.576	0.576	0.576	0.576	0.576	0.576	0.576	0.576	0.576	0.576	0.576	0.576	0.576	0.576	0.576	0.576	0.576	0.576	0.576	0.576	0.576	0.576	0.576	0.576	0.576	0.576	0.576	0.576	0.576	0.576	0.576	0.576	0.576	0.576	0.576
2028	INDu	RISK	moderate	normal	NA	0.835	0.835	0.835	0.835	0.835	0.695	0.695	0.695	0.695	0.695	0.695	0.695	0.695	0.695	0.695	0.695	0.695	0.695	0.695	0.695	0.575	0.575	0.575	0.575	0.575	0.575	0.575	0.575	0.575	0.575	0.575	0.575	0.575	0.575	0.575	0.575	0.575	0.575	0.575	0.575	0.575	0.575	0.575	0.575	0.575	0.575	0.575	0.575	0.575	0.575	0.575	0.575	0.575	0.575	0.575	0.575	0.575	0.575	0.575	0.575	0.575	0.575	0.575	0.575	0.575	0.575	0.575	0.575	0.575	0.575	0.575	0.575	0.575	0.575	0.575	0.575	0.575	0.575	0.575	0.575	0.575	0.575
2029	INDu	RISK	moderate	normal	NA	0.836	0.836	0.836	0.836	0.836	0.696	0.696	0.696	0.696	0.696	0.696	0.696	0.696	0.696	0.696	0.696	0.696	0.696	0.696	0.696	0.575	0.575	0.575	0.575	0.575	0.575	0.575	0.575	0.575	0.575	0.575	0.575	0.575	0.575	0.575	0.575	0.575	0.575	0.575	0.575	0.575	0.575	0.575	0.575	0.575	0.575	0.575	0.575	0.575	0.575	0.575	0.575	0.575	0.575	0.575	0.575	0.575	0.575	0.575	0.575	0.575	0.575	0.575	0.575	0.575	0.575	0.575	0.575	0.575	0.575	0.575	0.575	0.575	0.575	0.575	0.575	0.575	0.575	0.575	0.575	0.575	0.575
2030	INDu	RISK	moderate	normal	NA	0.837	0.837	0.837	0.837	0.837	0.697	0.697	0.697	0.697	0.697	0.697	0.697	0.697	0.697	0.697	0.697	0.697	0.697	0.697	0.697	0.574	0.574	0.574	0.574	0.574	0.574	0.574	0.574	0.574	0.574	0.574	0.574	0.574	0.574	0.574	0.574	0.574	0.574	0.574	0.574	0.574	0.574	0.574	0.574	0.574	0.574	0.574	0.574	0.574	0.574	0.574	0.574	0.574	0.574	0.574	0.574	0.574	0.574	0.574	0.574	0.574	0.574	0.574	0.574	0.574	0.574	0.574	0.574	0.574	0.574	0.574	0.574	0.574	0.574	0.574	0.574	0.574	0.574	0.574	0.574	0.574	0.574
2031	INDu	RISK	moderate	normal	NA	0.839	0.839	0.839	0.839	0.839	0.698	0.698	0.698	0.698	0.698	0.698	0.698	0.698	0.698	0.698	0.698	0.698	0.698	0.698	0.698	0.573	0.573	0.573	0.573	0.573	0.573	0.573	0.573	0.573	0.573	0.573	0.573	0.573	0.573	0.573	0.573	0.573	0.573	0.573	0.573	0.573	0.573	0.573	0.573	0.573	0.573	0.573	0.573	0.573	0.573	0.573	0.573	0.573	0.573	0.573	0.573	0.573	0.573	0.573	0.573	0.573	0.573	0.573	0.573	0.573	0.573	0.573	0.573	0.573	0.573	0.573	0.573	0.573	0.573	0.573	0.573	0.573	0.573	0.573	0.573	0.573	0.573
2032	INDu	RISK	moderate	normal	NA	0.84	0.84	0.84	0.84	0.84	0.699	0.699	0.699	0.699	0.699	0.699	0.699	0.699	0.699	0.699	0.699	0.699	0.699	0.699	0.699	0.572	0.572	0.572	0.572	0.572	0.572	0.572	0.572	0.572	0.572	0.572	0.572	0.572	0.572	0.572	0.572	0.572	0.572	0.572	0.572	0.572	0.572	0.572	0.572	0.572	0.572	0.572	0.572	0.572	0.572	0.572	0.572	0.572	0.572	0.572	0.572	0.572	0.572	0.572	0.572	0.572	0.572	0.572	0.572	0.572	0.572	0.572	0.572	0.572	0.572	0.572	0.572	0.572	0.572	0.572	0.572	0.572	0.572	0.572	0.572	0.572	0.572
2033	INDu	RISK	moderate	normal	NA	0.841	0.841	0.841	0.841	0.841	0.7	0.7	0.7	0.7	0.7	0.7	0.7	0.7	0.7	0.7	0.7	0.7	0.7	0.7	0.7	0.571	0.571	0.571	0.571	0.571	0.571	0.571	0.571	0.571	0.571	0.571	0.571	0.571	0.571	0.571	0.571	0.571	0.571	0.571	0.571	0.571	0.571	0.571	0.571	0.571	0.571	0.571	0.571	0.571	0.571	0.571	0.571	0.571	0.571	0.571	0.571	0.571	0.571	0.571	0.571	0.571	0.571	0.571	0.571	0.571	0.571	0.571	0.571	0.571	0.571	0.571	0.571	0.571	0.571	0.571	0.571	0.571	0.571	0.571	0.571	0.571	0.571
2034	INDu	RISK	moderate	normal	NA	0.842	0.842	0.842	0.842	0.842	0.701	0.701	0.701	0.701	0.701	0.701	0.701	0.701	0.701	0.701	0.701	0.701	0.701	0.701	0.701	0.57	0.57	0.57	0.57	0.57	0.57	0.57	0.57	0.57	0.57	0.57	0.57	0.57	0.57	0.57	0.57	0.57	0.57	0.57	0.57	0.57	0.57	0.57	0.57	0.57	0.57	0.57	0.57	0.57	0.57	0.57	0.57	0.57	0.57	0.57	0.57	0.57	0.57	0.57	0.57	0.57	0.57	0.57	0.57	0.57	0.57	0.57	0.57	0.57	0.57	0.57	0.57	0.57	0.57	0.57	0.57	0.57	0.57	0.57	0.57	0.57	0.57
2035	INDu	RISK	moderate	normal	NA	0.843	0.843	0.843	0.843	0.843	0.702	0.702	0.702	0.702	0.702	0.702	0.702	0.702	0.702	0.702	0.702	0.702	0.702	0.702	0.702	0.569	0.569	0.569	0.569	0.569	0.569	0.569	0.569	0.569	0.569	0.569	0.569	0.569	0.569	0.569	0.569	0.569	0.569	0.569	0.569	0.569	0.569	0.569	0.569	0.569	0.569	0.569	0.569	0.569	0.569	0.569	0.569	0.569	0.569	0.569	0.569	0.569	0.569	0.569	0.569	0.569	0.569	0.569	0.569	0.569	0.569	0.569	0.569	0.569	0.569	0.569	0.569	0.569	0.569	0.569	0.569	0.569	0.569	0.569	0.569	0.569	0.569
2036	INDu	RISK	moderate	normal	NA	0.844	0.844	0.844	0.844	0.844	0.703	0.703	0.703	0.703	0.703	0.703	0.703	0.703	0.703	0.703	0.703	0.703	0.703	0.703	0.703	0.568	0.568	0.568	0.568	0.568	0.568	0.568	0.568	0.568	0.568	0.568	0.568	0.568	0.568	0.568	0.568	0.568	0.568	0.568	0.568	0.568	0.568	0.568	0.568	0.568	0.568	0.568	0.568	0.568	0.568	0.568	0.568	0.568	0.568	0.568	0.568	0.568	0.568	0.568	0.568	0.568	0.568	0.568	0.568	0.568	0.568	0.568	0.568	0.568	0.568	0.568	0.568	0.568	0.568	0.568	0.568	0.568	0.568	0.568	0.568	0.568	0.568
2037	INDu	RISK	moderate	normal	NA	0.845	0.845	0.845	0.845	0.845	0.703	0.703	0.703	0.703	0.703	0.703	0.703	0.703	0.703	0.703	0.703	0.703	0.703	0.703	0.703	0.567	0.567	0.567	0.567	0.567	0.567	0.567	0.567	0.567	0.567	0.567	0.567	0.567	0.567	0.567	0.567	0.567	0.567	0.567	0.567	0.567	0.567	0.567	0.567	0.567	0.567	0.567	0.567	0.567	0.567	0.567	0.567	0.567	0.567	0.567	0.567	0.567	0.567	0.567	0.567	0.567	0.567	0.567	0.567	0.567	0.567	0.567	0.567	0.567	0.567	0.567	0.567	0.567	0.567	0.567	0.567	0.567	0.567	0.567	0.567	0.567	0.567
2038	INDu	RISK	moderate	normal	NA	0.846	0.846	0.846	0.846	0.846	0.704	0.704	0.704	0.704	0.704	0.704	0.704	0.704	0.704	0.704	0.704	0.704	0.704	0.704	0.704	0.567	0.567	0.567	0.567	0.567	0.567	0.567	0.567	0.567	0.567	0.567	0.567	0.567	0.567	0.567	0.567	0.567	0.567	0.567	0.567	0.567	0.567	0.567	0.567	0.567	0.567	0.567	0.567	0.567	0.567	0.567	0.567	0.567	0.567	0.567	0.567	0.567	0.567	0.567	0.567	0.567	0.567	0.567	0.567	0.567	0.567	0.567	0.567	0.567	0.567	0.567	0.567	0.567	0.567	0.567	0.567	0.567	0.567	0.567	0.567	0.567	0.567
2039	INDu	RISK	moderate	normal	NA	0.846	0.846	0.846	0.846	0.846	0.704	0.704	0.704	0.704	0.704	0.704	0.704	0.704	0.704	0.704	0.704	0.704	0.704	0.704	0.704	0.566	0.566	0.566	0.566	0.566	0.566	0.566	0.566	0.566	0.566	0.566	0.566	0.566	0.566	0.566	0.566	0.566	0.566	0.566	0.566	0.566	0.566	0.566	0.566	0.566	0.566	0.566	0.566	0.566	0.566	0.566	0.566	0.566	0.566	0.566	0.566	0.566	0.566	0.566	0.566	0.566	0.566	0.566	0.566	0.566	0.566	0.566	0.566	0.566	0.566	0.566	0.566	0.566	0.566	0.566	0.566	0.566	0.566	0.566	0.566	0.566	0.566
2040	INDu	RISK	moderate	normal	NA	0.847	0.847	0.847	0.847	0.847	0.704	0.704	0.704	0.704	0.704	0.704	0.704	0.704	0.704	0.704	0.704	0.704	0.704	0.704	0.704	0.565	0.565	0.565	0.565	0.565	0.565	0.565	0.565	0.565	0.565	0.565	0.565	0.565	0.565	0.565	0.565	0.565	0.565	0.565	0.565	0.565	0.565	0.565	0.565	0.565	0.565	0.565	0.565	0.565	0.565	0.565	0.565	0.565	0.565	0.565	0.565	0.565	0.565	0.565	0.565	0.565	0.565	0.565	0.565	0.565	0.565	0.565	0.565	0.565	0.565	0.565	0.565	0.565	0.565	0.565	0.565	0.565	0.565	0.565	0.565	0.565	0.565
